944443
293674
572153
600579
499569
984875
763178
295754
44696
207807
138910
903531
140925
699418
759984
199694
774549
635871
161828
805380
134374
393272
705679
727220
608593
357076
281423
415251
838388
941553
17672230
325693
376009
668915
860293
731361
228257
103321
265603
854484
453785
981929
785662
873669
841586
271429
485929
51849195
6110
828144
873105
830261
303603
532528
395929
426105
862017
497734
659834
443437
880214
23422
230666
597961
40363603
695242
168259
291309
711597
122597
455659
887400
208174
336606
121972
639749
648996
294448
223854
84749
221682
492934
1820537
845486
557139
2815
212045
982825
507542
813224
749377
279472
784143
659032
512983
822622
326687
339573
965818
298090
284617
143183
951261
365419
269962
630195
451909
668711
947805
282706
200489
54856
751683
995397
937443
390839
437652
190344
737805
540834
731307
44318
57187544
234226
881957
806495
339180
100957
746224
297241
499980
167083
